750
39 
876 31 
738 
996 155 
758 797 
759 817 
551 
348 
439 
923 
556 
385 513 
71 386 
251 
663 
604 
577 670 
579 553 
76 51 
951 
570 
279 
178 
839 
362 
731 988 
128 402 
81 
450 
55 243 
676 858 
46 200 
98 
140 
618 643 
969 
436 
595 619 
867 
328 
542 571 
393 
922 
880 
78 
286 
36 8 
466 518 
7 
614 
563 543 
606 
13 
567 
596 
416 
399 414 
86 182 
239 
899 
250 289 
205 
657 744 
818 995 
11 
503 511 
967 153 
92 
116 401 
668 832 
747 
603 664 
754 
300 
810 894 
752 794 
310 388 
112 
64 147 
935 
48 
906 
500 
647 
406 
446 
19 
896 
638 
941 937 
109 
820 
181 
22 
217 
127 
171 183 
47 15 
811 
168 169 
45 
65 27 
223 438 
849 
964 
605 
433 
34 
637 770 
283 
331 461 
334 
356 
933 
501 470 
4 
314 
90 
95 88 
816 846 
939 
526 
225 
179 
194 
467 
815 
728 
925 
211 
87 
275 
965 150 
911 885 
126 114 
369 
193 
994 
492 469 
478 409 
631 703 
684 795 
582 581 
529 620 
884 853 
666 800 
172 204 
226 249 
592 
934 991 
717 912 
234 262 
375 392 
378 
70 
749 695 
255 
247 
917 
400 
395 407 
546 
868 80 
198 242 
585 615 
504 
732 
565 
203 
627 
723 
499 
532 
149 
802 
575 
38 
753 837 
261 
472 
725 
338 344 
789 840 
271 458 
930 44 
838 26 
498 482 
936 
715 814 
688 
258 
319 
238 263 
119 138 
774 861 
266 339 
218 415 
997 
253 290 
588 
322 350 
779 
487 455 
739 
37 52 
464 617 
698 881 
587 609 
216 
160 118 
468 
711 796 
957 105 
5 
652 
73 
743 
2 195 
1 
28 
302 
505 
278 
299 
337 422 
972 
241 
678 
213 
597 
769 847 
628 740 
630 701 
154 
483 
578 573 
159 
370 
123 108 
806 30 
897 93 
85 137 
975 
709 751 
463 
727 
552 583 
353 372 
746 
913 
320 
102 94 
486 
682 
229 
576 
62 
0 49 
719 
440 
142 
430 
387 
17 
700 801 
780 
396 
850 
580 686 
672 
834 10 
196 
254 
277 
836 
706 
335 410 
63 
428 524 
152 199 
113 
510 494 
457 
267 
692 
206 304 
111 
423 
756 
390 522 
924 
219 
741 
611 
781 977 
187 
550 
358 
233 
60 
197 
654 
460 
823 
844 
442 
311 
82 133 
349 
871 856 
25 
602 
762 825 
240 
875 
214 318 
381 
848 
284 
669 
865 
974 984 
484 454 
224 327 
274 
309 
644 
325 
185 285 
949 67 
918 929 
882 873 
367 
545 665 
690 
222 
514 
869 
927 982 
574 
508 
210 
539 
589 625 
163 162 
462 
257 383 
761 
479 
793 12 
683 705 
601 735 
164 
176 
919 960 
23 
962 
648 
702 
888 
96 91 
269 394 
265 
799 
453 
966 
889 
636 765 
24 
260 
145 
768 
465 408 
180 227 
877 
892 857 
347 
893 
626 
809 
921 
485 
745 
451 
803 
886 
708 
215 307 
990 993 
607 544 
807 
359 475 
288 341 
89 
852 
480 
77 
100 
74 
143 413 
488 
301 
736 
316 
824 40 
536 
599 714 
608 674 
909 903 
548 572 
819 
679 
821 
685 760 
519 
232 
863 
591 
724 
887 
559 
831 
280 447 
174 
212 
696 624 
473 
360 
495 471 
742 
533 
750 737 
827 
651 721 
804 
75 
616 
699 689 
710 813 
333 
586 612 
660 808 
228 
942 
166 
296 
29 
295 371 
441 
775 
658 
902 866 
860 
904 891 
449 437 
767 
978 
489 
110 
293 
938 
694 
491 
107 
851 
632 716 
190 244 
907 
421 
125 
57 99 
366 481 
364 
733 
248 376 
493 
890 
590 661 
103 
946 947 
517 521 
629 
323 
826 
477 
177 
788 835 
623 
397 
950 
908 
391 
417 443 
281 
131 231 
230 
264 330 
916 879 
425 
342 
656 
798 805 
161 270 
432 452 
971 
722 
564 547 
687 
303 
593 
56 
412 
785 
476 525 
958 101 
237 321 
404 
332 
778 
340 
859 
772 
729 
427 426 
186 
276 
132 
287 
312 
58 72 
787 
419 490 
502 
830 
594 
712 
961 134 
117 188 
812 
777 
209 
720 932 
673 697 
59 256 
910 115 
208 
645 
496 459 
68 156 
50 
61 20 
520 
983 
541 
184 
755 
786 
713 
822 
843 
874 
343 424 
43 
136 
315 
776 
671 
895 
420 
677 
981 144 
560 
771 
600 681 
557 
509 
561 
272 
987 
693 
621 
292 
268 
435 
883 841 
598 622 
986 
828 32 
783 763 
931 
235 
792 
357 
351 
158 236 
584 
680 
642 
538 
640 
905 
354 
41 
170 
35 
121 
540 
346 
377 
842 
790 
976 
531 
83 
282 
855 
207 252 
507 
220 
791 
326 
667 
691 
317 
352 
633 726 
845 
202 
66 130 
139 
928 129 
634 653 
980 943 
379 
854 
926 
568 566 
635 662 
999 973 
189 
527 562 
515 
569 
959 
914 
448 
411 
148 
245 
380 
530 
403 382 
655 
649 
730 
308 
21 
641 
864 
294 
141 
122 
898 862 
784 
646 
766 
549 
985 952 
757 
69 157 
201 
398 373 
135 
497 
3 
16 
829 
878 
329 
14 
298 
246 368 
306 336 
659 675 
704 
456 
900 
782 833 
963 
167 
9 
221 273 
313 
773 956 
418 405 
707 
305 
613 
191 297 
175 259 
764 
955 
718 
291 345 
97 165 
120 
512 474 
650 
555 
954 
998 
192 
324 355 
431 
79 146 
535 537 
506 
429 
968 953 
384 444 
516 
901 872 
948 
84 151 
992 
42 
374 
33 
361 
639 
945 920 
363 365 
106 
54 124 
734 
748 
989 
610 
389 
940 915 
870 
970 
554 
979 6 
523 528 
944 
558 534 
53 18 
104 173 
445 434 
 
