350
136
327
404
508
289
607
699
191
447
290
143
716
665
269
606
87
307
553
805
19
89
501
8
544
851
702
521
719
886
200
720
216
787
616
530
573
862
717
0
64
250
920
945
977
996
21
593
134
359
232
739
391
378
365
531
734
905
812
6
765
237
246
317
639
34
455
358
63
482
701
619
611
421
946
880
512
209
427
797
54
816
967
985
196
210
927
41
803
929
258
615
401
848
939
952
776
47
594
380
592
586
762
458
988
537
331
758
235
163
408
470
641
551
668
504
245
820
239
541
309
603
970
490
624
808
896
546
591
429
243
818
613
654
322
953
221
190
454
957
347
525
206
835
467
885
680
688
489
823
861
194
311
916
321
303
982
377
138
179
743
379
443
148
99
495
342
96
376
870
234
897
672
260
448
829
437
540
524
424
590
924
59
305
112
811
960
909
535
296
316
964
992
354
266
244
651
660
121
67
259
264
139
370
846
713
444
169
106
217
373
890
410
773
127
42
219
854
837
333
859
477
415
726
81
399
937
108
694
110
868
710
568
707
397
356
542
137
584
948
366
104
483
631
576
695
750
918
273
516
548
201
981
75
231
582
409
572
580
189
323
412
1
795
388
36
2
791
919
498
742
156
101
12
640
549
205
785
193
431
687
363
123
638
872
943
340
291
696
355
39
949
425
802
171
522
469
538
738
24
476
938
753
398
543
77
838
558
756
793
984
348
873
406
642
653
150
814
997
760
450
505
932
46
686
649
277
737
690
159
855
181
240
449
308
129
83
257
801
140
827
185
5
385
941
20
809
282
864
218
725
31
35
116
176
781
567
48
577
821
658
414
843
509
683
335
936
207
23
528
779
351
299
853
479
529
228
352
684
874
625
736
38
120
560
184
86
381
286
617
513
274
995
295
627
527
383
473
167
879
441
188
786
485
636
800
951
10
253
428
670
65
230
598
233
675
928
669
646
958
173
515
222
666
574
68
97
704
926
956
472
468
942
744
917
520
511
371
673
69
602
279
815
933
831
368
595
552
198
456
203
272
153
561
270
197
226
174
402
214
320
390
569
557
242
609
894
703
346
100
361
389
842
648
693
453
856
794
325
709
430
506
186
50
155
500
986
416
73
605
866
825
45
457
386
789
865
869
980
635
157
754
559
442
491
930
671
122
283
588
241
532
182
876
764
131
238
413
901
714
315
514
387
384
741
950
175
107
545
850
229
771
978
583
288
497
877
632
82
493
118
330
748
806
581
281
49
202
911
597
539
599
80
585
168
661
407
29
170
883
22
767
326
318
975
656
119
747
92
813
768
105
124
849
608
375
947
465
804
972
589
152
486
312
712
3
146
746
25
860
922
336
618
634
887
517
692
777
337
353
955
276
369
287
991
426
959
55
536
934
128
575
676
496
989
626
751
824
973
252
644
847
733
52
783
931
314
374
755
56
17
32
109
790
103
867
125
422
223
534
503
433
460
199
570
730
393
578
770
961
705
16
164
565
372
679
878
752
324
474
881
954
571
888
130
554
284
623
563
4
126
141
411
507
562
630
830
891
15
689
612
836
452
74
844
706
13
629
395
211
759
76
662
976
93
807
79
492
519
478
761
177
708
293
908
711
154
863
459
466
718
652
115
499
732
819
261
655
436
251
247
833
405
923
367
151
27
145
9
28
61
434
446
579
828
78
349
681
341
7
304
915
297
85
319
900
722
566
875
362
382
601
834
832
963
731
944
178
480
161
364
440
432
895
394
910
925
44
30
204
621
339
914
555
418
826
435
691
700
423
158
685
523
893
682
884
53
643
263
858
657
332
102
921
144
633
248
735
645
451
70
135
180
637
892
294
799
166
798
822
111
904
91
810
117
302
338
84
292
966
400
780
994
72
88
328
907
841
745
71
969
471
254
533
464
912
58
310
463
784
990
845
547
344
149
301
674
772
556
66
40
256
564
622
502
796
417
43
360
678
94
160
357
852
782
979
419
475
345
604
974
313
18
183
971
721
775
60
329
445
262
343
62
51
300
906
98
940
882
526
420
550
403
14
220
610
889
225
487
33
763
766
774
439
212
488
724
114
227
255
494
614
677
57
998
113
133
715
757
596
913
628
396
215
285
698
667
236
839
147
983
306
265
968
518
902
650
132
999
697
993
208
788
334
280
740
187
268
192
898
935
871
600
778
769
729
664
162
461
484
723
965
663
620
462
195
224
903
817
11
26
37
90
95
142
165
172
213
249
267
271
275
278
298
392
438
481
510
587
647
659
727
728
749
792
840
857
899
962
987
