568
2662
2981
14
2623
390
2065
1438
2331
812
805
1298
2798
1105
2104
2659
2743
529
214
796
75
1996
1280
266
731
1776
1916
1920
203
1716
299
384
635
1562
2523
2705
1357
221
256
2222
1557
2896
2101
2161
2598
2611
2898
1929
828
298
2382
2853
2860
405
1058
1522
1468
972
1948
1812
1517
2408
250
807
2232
2904
304
2467
1762
2387
436
571
2815
2697
2243
63
469
762
1508
2265
2530
90
1984
1586
2235
1448
2868
212
837
998
2980
2245
2323
1043
2466
2776
2943
1946
1596
2102
2581
316
1919
1672
2525
735
2266
2780
2811
2770
749
109
1497
1340
865
1500
174
281
2342
1665
819
2351
1924
342
737
506
1404
2196
788
687
2717
2225
84
2327
1403
843
2527
1650
2449
1775
1196
177
1381
136
2689
1445
268
336
1078
2093
870
2919
1878
686
1739
2353
1009
612
2287
2684
1516
2876
388
1709
1277
1139
1654
2214
1183
695
2316
259
2925
2614
1645
670
1833
2587
2605
2302
2871
783
1978
1503
634
1959
1104
1892
2081
1490
534
1028
1230
1335
447
2973
1723
2926
1007
1471
1889
168
2380
789
1062
1858
2911
1648
570
1792
282
1154
1133
430
119
940
2512
1856
1390
1359
1839
2033
743
1071
204
2658
2045
501
2889
895
1799
2591
2509
2288
1505
216
1563
1320
269
1437
2707
1601
1160
1729
1687
392
399
1620
2283
1278
57
993
2751
667
530
2012
1545
429
2112
2756
557
1546
879
2244
48
645
2125
711
1801
2872
544
2415
2490
333
1068
2075
357
2178
2923
1383
2951
209
1759
2236
497
1094
2667
1666
766
2901
1506
2169
516
1911
108
2358
2788
2362
1380
2841
1
1541
1893
2298
2117
2847
40
18
2155
1599
2396
2158
2473
1092
1701
983
2175
2363
2762
2398
2624
4
2424
2621
1676
490
1684
175
245
613
1559
866
1745
818
2253
396
2044
1866
2394
1289
2809
2845
374
2599
248
1364
2478
1534
1312
2840
2035
1840
1690
2668
363
2210
2592
932
1482
1721
1254
1268
1661
2249
2457
756
1181
2554
2747
1874
2879
2786
2962
479
1098
806
360
2103
957
884
1370
898
1811
1136
967
0
1886
1587
356
1898
1338
2804
2047
888
2291
290
414
2819
1847
1420
1114
407
906
2057
152
2349
1123
625
872
2060
1074
813
1469
2765
1003
91
1883
2832
2829
2907
622
775
2220
619
433
1285
1020
2622
408
1845
1567
224
1814
373
2878
679
717
561
2475
615
1179
1487
372
1264
1107
2146
2909
1955
1854
1570
66
2858
23
1477
2891
45
662
1991
2513
1853
1211
2051
2830
2393
207
1050
969
836
844
93
12
1141
2479
1697
1748
2727
2049
2692
1970
192
873
340
1556
1560
1655
2654
2317
2952
1443
2455
1806
1132
2814
2740
829
955
1607
1481
1407
2295
2968
326
868
195
1820
2908
589
452
2568
2022
2390
31
234
1917
2437
2445
1738
2948
332
2565
434
1712
2810
2341
415
2004
2190
1327
1214
2682
769
1374
458
1018
70
2114
1514
2472
2010
1605
1096
1229
2965
1804
1695
2699
2054
1279
671
2192
2281
1240
329
142
167
2690
2152
2468
2610
2023
2674
2542
438
2917
193
2557
2816
260
2122
25
19
1600
990
1167
2139
383
1354
2793
164
2718
577
1076
1633
2226
423
387
2630
240
1358
1598
1146
1288
2233
621
2167
1875
2319
975
1643
1593
1447
1568
2716
1526
351
339
1119
747
1242
2745
712
128
2418
2431
2517
1343
92
2048
1638
999
582
1602
1865
518
2128
2297
1000
1434
1205
1525
2708
1272
903
1968
2706
1317
904
309
2211
1422
2018
668
1216
255
1324
319
1767
1973
1356
2506
2487
417
713
238
1844
2016
800
1011
120
43
1193
2997
1091
804
599
1026
2906
1768
300
2405
147
1479
1351
2193
2463
2910
2663
2306
222
1346
1533
2209
885
2805
1492
2665
139
738
1227
2865
218
1836
637
86
1233
1024
385
652
1061
76
2758
437
639
2136
2975
346
2420
1630
696
2529
354
2046
2563
1318
2967
913
420
1987
1733
99
1778
922
27
1461
655
2932
1168
2216
413
551
663
2618
2000
2204
1979
653
631
1414
1851
2732
443
1386
1746
1377
2686
693
2826
2988
173
1901
2862
1311
514
293
2348
226
689
2458
917
1753
2696
47
1170
510
1940
1232
1194
741
1813
16
964
1402
2383
1769
2985
5
2941
2400
2218
520
393
283
1974
2164
2350
315
628
253
2749
1255
106
1446
2228
1835
473
2426
910
2806
2824
1826
2223
603
1371
894
744
1576
2246
1025
2536
2986
2890
1935
1577
2643
539
1131
1571
149
94
2460
770
2357
2064
2507
523
1961
1714
1726
2194
891
2315
2863
352
850
2803
1399
422
586
1475
394
2955
1225
994
1083
2584
2719
1584
1669
2894
2438
1387
34
547
502
391
1747
1908
1862
1627
1975
1051
1309
2024
227
2335
2345
1548
111
2577
2389
1623
2368
802
431
2442
2728
2712
1036
60
184
1777
933
1455
1352
2251
2212
2620
871
362
1401
1250
949
654
323
2090
450
2205
2757
1372
1810
2549
2772
944
2524
400
674
2541
233
487
2231
2144
2369
2238
1208
821
1416
1331
1339
1527
2441
2854
1998
2202
799
196
365
1904
22
211
2273
691
2129
68
1805
24
1972
657
219
2367
110
143
314
2670
2970
1206
1425
623
2744
966
2493
1995
1867
199
30
607
301
2957
919
1297
1175
272
213
701
2752
2050
2989
254
121
1310
2248
1035
1222
2608
1938
1281
2999
335
1632
912
470
984
2453
823
2411
2998
1981
444
2661
1444
2201
939
1156
1863
986
2580
2651
580
1100
2061
2533
276
1385
1611
2555
1535
1055
1818
123
1304
58
1713
50
842
1903
1485
2821
201
292
2324
1085
294
512
442
1755
2007
877
138
2083
2656
2264
2915
1926
716
215
263
1771
2072
859
1341
2185
2779
1786
1064
1245
134
2242
511
258
1579
2469
845
2344
2270
508
1591
2157
1772
103
1049
441
638
2880
1054
1152
243
808
2043
2887
1993
886
1073
2822
1460
2820
593
2280
585
389
2009
1789
1538
2
153
1876
814
1612
938
1033
2030
851
965
1496
112
2032
398
522
1295
2294
15
1841
550
772
2026
1537
2795
1544
838
1954
1190
2918
2645
186
1307
997
1212
494
1913
2848
1330
1891
1765
1896
2189
427
2133
889
1561
849
721
1542
2025
1725
723
545
95
2842
2123
2108
280
2250
1333
1658
2008
349
2825
2137
2058
264
28
2520
2013
2200
1507
2528
1301
2657
558
2471
1647
945
1528
538
1069
2221
863
1872
2484
927
2501
1336
2710
920
2392
2790
1116
2428
2755
847
540
1779
1610
2377
2421
2181
1798
2725
1408
2206
2939
1680
1126
1635
822
2782
2388
1337
2456
750
2148
2366
2356
2573
463
1044
2808
2958
2685
2864
2666
2267
239
1718
1166
159
952
1077
130
2617
2561
2683
2037
827
2546
2451
1161
1964
905
2015
191
1095
754
465
1113
73
666
973
2343
1870
2496
722
1111
1934
1439
2903
2094
1761
1015
537
41
2492
810
1717
2721
2272
1084
2902
2143
2461
2578
2873
614
1613
2532
1187
2637
262
1493
198
857
629
692
1180
1263
500
980
1053
409
141
455
1249
1580
2404
2191
1294
2629
1436
343
2140
1703
947
2726
1299
2713
1163
989
1829
1171
285
1763
1914
2882
1625
1994
457
2979
1990
1219
2318
605
1660
1158
897
1790
892
2944
2837
2198
592
2817
2600
2447
513
404
1169
2519
941
2569
2454
101
1305
1631
1795
1531
1342
755
1754
704
2572
488
2638
703
2515
2531
2325
2028
87
1012
1273
1603
85
480
2893
1782
1134
926
1928
736
2289
140
1396
2402
1016
1484
495
1976
992
1241
1261
2071
171
661
1449
991
1686
324
1843
2701
925
1728
1983
2844
583
1093
2328
642
2946
1742
1498
1673
2953
1960
732
2311
303
2627
2945
2098
2828
2861
381
482
1609
2698
1943
2255
1392
317
2992
528
1980
1145
1502
2688
151
2452
1699
2096
2709
1349
1628
2877
907
961
835
1326
2300
2284
2482
2616
1157
1659
1539
779
1828
2763
1400
2604
1265
1617
296
535
763
690
1732
347
274
2950
669
2972
29
1907
1927
588
2994
2391
2444
1749
1902
875
2789
633
1117
2195
1986
2503
1435
1558
2488
2540
200
2116
1127
1153
594
2307
576
1573
2257
1933
546
1048
1989
531
1290
2131
1458
1615
474
1322
935
1101
1314
446
2365
1345
2014
1260
2875
1590
2261
3
6
7
8
9
10
11
13
17
20
21
26
32
33
35
36
37
38
39
42
44
46
49
51
52
53
54
55
56
59
61
62
64
65
67
69
71
72
74
77
78
79
80
81
82
83
88
89
96
97
98
100
102
104
105
107
113
114
115
116
117
118
122
124
125
126
127
129
131
132
133
135
137
144
145
146
148
150
154
155
156
157
158
160
161
162
163
165
166
169
170
172
176
178
179
180
181
182
183
185
187
188
189
190
194
197
202
205
206
208
210
217
220
223
225
228
229
230
231
232
235
236
237
241
242
244
246
247
249
251
252
257
261
265
267
270
271
273
275
277
278
279
284
286
287
288
289
291
295
297
302
305
306
307
308
310
311
312
313
318
320
321
322
325
327
328
330
331
334
337
338
341
344
345
348
350
353
355
358
359
361
364
366
367
368
369
370
371
375
376
377
378
379
380
382
386
395
397
401
402
403
406
410
411
412
416
418
419
421
424
425
426
428
432
435
439
440
445
448
449
451
453
454
456
459
460
461
462
464
466
467
468
471
472
475
476
477
478
481
483
484
485
486
489
491
492
493
496
498
499
503
504
505
507
509
515
517
519
521
524
525
526
527
532
533
536
541
542
543
548
549
552
553
554
555
556
559
560
562
563
564
565
566
567
569
572
573
574
575
578
579
581
584
587
590
591
595
596
597
598
600
601
602
604
606
608
609
610
611
616
617
618
620
624
626
627
630
632
636
640
641
643
644
646
647
648
649
650
651
656
658
659
660
664
665
672
673
675
676
677
678
680
681
682
683
684
685
688
694
697
698
699
700
702
705
706
707
708
709
710
714
715
718
719
720
724
725
726
727
728
729
730
733
734
739
740
742
745
746
748
751
752
753
757
758
759
760
761
764
765
767
768
771
773
774
776
777
778
780
781
782
784
785
786
787
790
791
792
793
794
795
797
798
801
803
809
811
815
816
817
820
824
825
826
830
831
832
833
834
839
840
841
846
848
852
853
854
855
856
858
860
861
862
864
867
869
874
876
878
880
881
882
883
887
890
893
896
899
900
901
902
908
909
911
914
915
916
918
921
923
924
928
929
930
931
934
936
937
942
943
946
948
950
951
953
954
956
958
959
960
962
963
968
970
971
974
976
977
978
979
981
982
985
987
988
995
996
1001
1002
1004
1005
1006
1008
1010
1013
1014
1017
1019
1021
1022
1023
1027
1029
1030
1031
1032
1034
1037
1038
1039
1040
1041
1042
1045
1046
1047
1052
1056
1057
1059
1060
1063
1065
1066
1067
1070
1072
1075
1079
1080
1081
1082
1086
1087
1088
1089
1090
1097
1099
1102
1103
1106
1108
1109
1110
1112
1115
1118
1120
1121
1122
1124
1125
1128
1129
1130
1135
1137
1138
1140
1142
1143
1144
1147
1148
1149
1150
1151
1155
1159
1162
1164
1165
1172
1173
1174
1176
1177
1178
1182
1184
1185
1186
1188
1189
1191
1192
1195
1197
1198
1199
1200
1201
1202
1203
1204
1207
1209
1210
1213
1215
1217
1218
1220
1221
1223
1224
1226
1228
1231
1234
1235
1236
1237
1238
1239
1243
1244
1246
1247
1248
1251
1252
1253
1256
1257
1258
1259
1262
1266
1267
1269
1270
1271
1274
1275
1276
1282
1283
1284
1286
1287
1291
1292
1293
1296
1300
1302
1303
1306
1308
1313
1315
1316
1319
1321
1323
1325
1328
1329
1332
1334
1344
1347
1348
1350
1353
1355
1360
1361
1362
1363
1365
1366
1367
1368
1369
1373
1375
1376
1378
1379
1382
1384
1388
1389
1391
1393
1394
1395
1397
1398
1405
1406
1409
1410
1411
1412
1413
1415
1417
1418
1419
1421
1423
1424
1426
1427
1428
1429
1430
1431
1432
1433
1440
1441
1442
1450
1451
1452
1453
1454
1456
1457
1459
1462
1463
1464
1465
1466
1467
1470
1472
1473
1474
1476
1478
1480
1483
1486
1488
1489
1491
1494
1495
1499
1501
1504
1509
1510
1511
1512
1513
1515
1518
1519
1520
1521
1523
1524
1529
1530
1532
1536
1540
1543
1547
1549
1550
1551
1552
1553
1554
1555
1564
1565
1566
1569
1572
1574
1575
1578
1581
1582
1583
1585
1588
1589
1592
1594
1595
1597
1604
1606
1608
1614
1616
1618
1619
1621
1622
1624
1626
1629
1634
1636
1637
1639
1640
1641
1642
1644
1646
1649
1651
1652
1653
1656
1657
1662
1663
1664
1667
1668
1670
1671
1674
1675
1677
1678
1679
1681
1682
1683
1685
1688
1689
1691
1692
1693
1694
1696
1698
1700
1702
1704
1705
1706
1707
1708
1710
1711
1715
1719
1720
1722
1724
1727
1730
1731
1734
1735
1736
1737
1740
1741
1743
1744
1750
1751
1752
1756
1757
1758
1760
1764
1766
1770
1773
1774
1780
1781
1783
1784
1785
1787
1788
1791
1793
1794
1796
1797
1800
1802
1803
1807
1808
1809
1815
1816
1817
1819
1821
1822
1823
1824
1825
1827
1830
1831
1832
1834
1837
1838
1842
1846
1848
1849
1850
1852
1855
1857
1859
1860
1861
1864
1868
1869
1871
1873
1877
1879
1880
1881
1882
1884
1885
1887
1888
1890
1894
1895
1897
1899
1900
1905
1906
1909
1910
1912
1915
1918
1921
1922
1923
1925
1930
1931
1932
1936
1937
1939
1941
1942
1944
1945
1947
1949
1950
1951
1952
1953
1956
1957
1958
1962
1963
1965
1966
1967
1969
1971
1977
1982
1985
1988
1992
1997
1999
2001
2002
2003
2005
2006
2011
2017
2019
2020
2021
2027
2029
2031
2034
2036
2038
2039
2040
2041
2042
2052
2053
2055
2056
2059
2062
2063
2066
2067
2068
2069
2070
2073
2074
2076
2077
2078
2079
2080
2082
2084
2085
2086
2087
2088
2089
2091
2092
2095
2097
2099
2100
2105
2106
2107
2109
2110
2111
2113
2115
2118
2119
2120
2121
2124
2126
2127
2130
2132
2134
2135
2138
2141
2142
2145
2147
2149
2150
2151
2153
2154
2156
2159
2160
2162
2163
2165
2166
2168
2170
2171
2172
2173
2174
2176
2177
2179
2180
2182
2183
2184
2186
2187
2188
2197
2199
2203
2207
2208
2213
2215
2217
2219
2224
2227
2229
2230
2234
2237
2239
2240
2241
2247
2252
2254
2256
2258
2259
2260
2262
2263
2268
2269
2271
2274
2275
2276
2277
2278
2279
2282
2285
2286
2290
2292
2293
2296
2299
2301
2303
2304
2305
2308
2309
2310
2312
2313
2314
2320
2321
2322
2326
2329
2330
2332
2333
2334
2336
2337
2338
2339
2340
2346
2347
2352
2354
2355
2359
2360
2361
2364
2370
2371
2372
2373
2374
2375
2376
2378
2379
2381
2384
2385
2386
2395
2397
2399
2401
2403
2406
2407
2409
2410
2412
2413
2414
2416
2417
2419
2422
2423
2425
2427
2429
2430
2432
2433
2434
2435
2436
2439
2440
2443
2446
2448
2450
2459
2462
2464
2465
2470
2474
2476
2477
2480
2481
2483
2485
2486
2489
2491
2494
2495
2497
2498
2499
2500
2502
2504
2505
2508
2510
2511
2514
2516
2518
2521
2522
2526
2534
2535
2537
2538
2539
2543
2544
2545
2547
2548
2550
2551
2552
2553
2556
2558
2559
2560
2562
2564
2566
2567
2570
2571
2574
2575
2576
2579
2582
2583
2585
2586
2588
2589
2590
2593
2594
2595
2596
2597
2601
2602
2603
2606
2607
2609
2612
2613
2615
2619
2625
2626
2628
2631
2632
2633
2634
2635
2636
2639
2640
2641
2642
2644
2646
2647
2648
2649
2650
2652
2653
2655
2660
2664
2669
2671
2672
2673
2675
2676
2677
2678
2679
2680
2681
2687
2691
2693
2694
2695
2700
2702
2703
2704
2711
2714
2715
2720
2722
2723
2724
2729
2730
2731
2733
2734
2735
2736
2737
2738
2739
2741
2742
2746
2748
2750
2753
2754
2759
2760
2761
2764
2766
2767
2768
2769
2771
2773
2774
2775
2777
2778
2781
2783
2784
2785
2787
2791
2792
2794
2796
2797
2799
2800
2801
2802
2807
2812
2813
2818
2823
2827
2831
2833
2834
2835
2836
2838
2839
2843
2846
2849
2850
2851
2852
2855
2856
2857
2859
2866
2867
2869
2870
2874
2881
2883
2884
2885
2886
2888
2892
2895
2897
2899
2900
2905
2912
2913
2914
2916
2920
2921
2922
2924
2927
2928
2929
2930
2931
2933
2934
2935
2936
2937
2938
2940
2942
2947
2949
2954
2956
2959
2960
2961
2963
2964
2966
2969
2971
2974
2976
2977
2978
2982
2983
2984
2987
2990
2991
2993
2995
2996
