169
648
2910
699
900
465
2677
2247
1911
1592
2947
417
1583
2745
132
1578
908
2278
2949
255
470
1512
835
1097
2166
975
253
895
2807
1443
107
456
720
1479
1324
2812
2587
378
2525
414
1175
1878
2659
1730
2552
2450
994
1522
2605
1785
1563
514
542
322
688
2182
2835
84
209
0
1789
2335
1691
546
2216
638
2404
1626
143
1900
131
2739
41
2365
1498
2814
902
2060
376
870
2868
2762
2157
1071
1106
1333
2249
2585
2578
1706
1107
1939
235
311
867
1569
1784
877
2455
314
918
1831
1252
1020
1847
40
1620
2863
438
501
1652
1321
776
1500
89
14
158
60
2629
2107
1717
430
10
1302
627
2715
657
2592
17
2543
1932
2573
1787
939
398
2266
2143
90
1217
2768
2999
609
837
47
1277
980
724
341
623
1467
640
2293
1127
549
786
554
307
1590
1960
2155
2744
2297
2757
1523
2928
2735
1178
260
229
583
2764
1466
601
1830
2890
1714
156
1105
2428
1135
1156
2357
2819
2372
1854
2504
710
2201
2451
1581
2066
1838
660
564
1594
598
2215
2952
678
442
2124
625
1090
547
488
791
2540
1049
2041
2929
1842
2374
746
2699
2082
74
1950
1726
537
11
2134
2031
244
1803
2007
730
352
1907
276
802
599
1081
2299
2867
1786
1101
427
2845
1746
479
874
53
2950
2915
1099
2876
1788
1326
1817
946
2385
2695
1735
50
1580
714
2181
1227
1449
2846
2544
1358
1510
1223
1068
535
1593
866
1255
681
2460
2256
2213
2903
1410
2115
2796
2839
1759
2690
2555
959
1516
1574
1518
2514
2315
4
2003
2075
2202
1183
2431
2204
2576
1461
186
16
1896
2964
974
2981
2034
2291
592
1147
1909
1687
1220
2990
2098
1155
1198
984
170
3
1557
2943
1407
1472
2462
2440
147
555
468
1189
1111
2313
2713
1926
622
957
809
365
2563
1352
183
343
302
120
1
1102
1782
553
761
375
2290
848
2957
1850
1600
325
2301
2530
82
128
1474
257
2123
1792
742
1473
261
1270
164
1310
539
299
1825
1765
576
1434
2691
263
2106
458
2824
2415
2969
65
119
1571
698
2803
1754
875
773
2686
1688
2798
424
1179
727
2847
232
2102
2501
2600
1972
569
1355
832
762
2980
862
2190
1668
439
2825
2373
2053
39
901
2305
508
2894
1014
1682
2333
861
2047
1488
1802
2013
2196
1444
2068
123
1766
1908
2465
1875
813
87
2489
2650
1435
151
9
175
1325
595
2832
1456
559
909
2200
2399
2951
1123
585
2668
1093
1246
1382
907
495
2136
2426
1524
1967
2547
1275
1283
1513
2430
1664
1711
2779
1511
1176
2898
336
2698
752
1912
2627
2855
956
2264
277
2334
2069
2625
2016
2048
2854
1755
2463
1219
2387
1138
2347
297
1468
2054
594
321
2474
394
2749
1153
1940
453
418
298
2362
2932
736
2235
2742
103
2883
1316
711
2783
611
502
556
847
2309
2126
2515
2229
2160
1929
1025
650
2227
2002
868
872
2073
1956
1305
111
1342
1718
743
2011
2804
2237
2076
840
2927
2273
2296
2820
1460
1152
2861
2022
2852
1200
1004
2844
2545
320
2138
2207
1570
608
1074
2616
2730
2502
1285
768
2793
1115
1974
2008
926
2992
1969
995
2612
966
428
940
2429
2479
1935
1451
1952
1556
798
894
2125
2577
174
824
2165
1712
2810
1865
921
1240
986
1998
591
2972
2260
1064
92
1413
1985
1922
2024
1973
1551
2057
1036
2608
1880
1897
1602
1601
2630
54
1423
1517
1044
2848
998
2486
1677
589
2853
2390
2635
2231
2103
1347
723
1348
2681
816
2785
2043
2270
1957
1586
754
2641
2892
2447
1235
739
2049
262
1672
2350
1724
1221
399
2519
2425
1866
2983
1211
432
2412
2406
1670
1263
1653
2343
133
2802
941
915
2339
1641
1478
1114
2966
281
499
2117
1756
1457
1575
1986
2110
1126
1965
1026
2925
1390
1406
579
1619
2298
1370
538
449
1133
1749
729
145
871
1948
2977
1822
2245
703
2816
2756
2956
2694
2896
1442
435
157
387
2495
1290
1079
1017
316
572
1923
1675
1931
708
2741
1632
2381
122
1069
189
1146
534
1501
1103
851
2524
1804
1857
951
1199
1233
1863
2758
138
2649
1978
521
2458
8
950
1248
2488
75
2292
1818
600
759
88
241
2127
2987
574
865
778
2557
1508
919
523
422
2015
2058
1639
2408
1050
1869
2509
1264
2722
1776
23
1354
1764
1811
686
763
2607
2580
1086
403
1561
2922
180
1771
1100
2602
425
2322
2042
2314
1547
1163
2632
573
1597
2707
898
505
2464
2708
2859
793
1491
888
2597
165
949
1212
2401
628
332
854
1216
1937
2606
1229
1992
2725
2572
2985
1196
13
102
1539
796
2475
275
545
2480
2149
1521
1395
45
2062
1930
1150
960
2895
509
1425
2666
2701
1732
1519
2071
1273
1385
408
942
1055
811
1899
2775
388
1351
1538
2763
2083
2648
2277
1436
2476
196
2382
1913
654
2889
932
781
1487
7
1807
925
2
184
2684
1809
1167
1191
2162
2482
858
1418
881
2817
2753
747
1328
2180
1038
2410
2899
2906
2105
80
1617
1674
725
2830
447
1778
1006
2230
758
1904
1728
578
1645
1713
2199
1751
2887
2086
1925
2111
2843
2842
1013
1151
42
1962
1902
1884
2897
519
1669
2754
827
920
2647
1396
2065
2871
2569
511
2558
2679
755
2619
1861
1369
2072
1540
749
2092
1779
1009
2920
1471
606
2717
1616
834
1172
1799
1259
2140
2767
1417
2617
2734
1400
182
1182
1323
2477
2913
2234
2962
948
2700
2063
2405
2037
1067
2821
2225
2444
586
194
738
1486
1465
370
1701
635
270
2205
1891
2914
2908
637
846
2967
2738
1164
1958
643
1201
1194
205
2791
2529
324
1011
96
1901
2144
1365
2674
2875
1294
2325
300
1945
1202
21
2389
2021
2033
44
934
2579
1690
2559
167
1262
1159
46
1554
2059
1777
211
1343
266
2095
216
1373
2409
2171
2614
328
2080
2184
124
1852
2328
701
2303
1719
2601
962
1638
2220
2393
2963
536
2368
2280
2599
794
1577
987
1338
2836
431
2945
1408
1656
2971
911
2269
1537
1003
379
2671
2279
2662
639
2912
2473
1392
1699
801
1966
765
127
1066
2773
1988
615
2513
787
890
1272
2813
2941
1942
271
1431
2900
667
2248
1335
2670
2522
2310
360
2133
2823
51
1495
2046
2014
137
1868
2349
1224
2355
1695
1628
1760
1716
2841
410
334
71
2993
1177
1237
527
666
1027
1319
1849
2840
1826
2537
1791
1379
2446
2492
2582
2135
2108
2620
1241
1482
1098
603
2454
2731
1125
1980
2661
2651
1941
899
129
2438
1885
2939
2828
568
1088
2535
33
1448
2781
1346
626
1149
2961
567
2179
333
812
91
1936
2610
616
43
1640
2923
1301
1144
2506
1542
110
1015
1420
406
2336
1089
466
2714
2197
2006
2723
482
969
220
1722
953
492
2435
1893
395
1453
1367
887
1742
2439
1559
1598
2869
2497
2891
582
732
243
2287
2093
282
618
983
2858
904
2676
2553
1344
620
1032
1281
2503
1332
2934
1660
149
2363
2186
1763
2236
338
673
2511
1976
2886
469
676
1268
533
319
20
1750
2615
2218
2936
2866
67
1110
1483
240
614
2500
1481
114
348
516
751
566
1139
1041
2187
323
1438
2028
1260
2645
1157
2564
1734
713
2534
850
1166
37
679
1315
1552
1475
475
2508
1770
1708
2719
2997
38
1137
1231
717
985
814
1558
2079
426
1054
1023
1424
1903
223
1507
1016
480
1080
493
2185
197
2551
236
61
924
2118
838
2219
2755
2261
69
733
2711
2778
228
1623
2064
2376
690
2295
522
2221
517
955
1280
1610
2496
2419
2965
1768
200
407
670
1655
225
1317
1681
268
382
1299
1228
2640
1576
1078
913
2566
1696
1855
1162
2759
2797
882
1596
1647
2081
2284
135
1963
1964
2289
2598
2394
1375
2902
125
2259
513
76
1022
2583
350
1877
2556
2384
1239
2209
2512
2740
2327
1810
889
2141
943
108
1117
1833
2120
2724
694
2039
2281
2752
2921
134
2491
12
28
1289
99
116
150
166
171
185
113
204
217
264
856
2151
285
313
317
215
318
329
345
369
385
823
391
415
421
455
472
486
563
575
644
652
661
715
719
2560
737
756
769
806
841
893
906
912
933
952
2960
63
2995
2084
977
996
1814
339
1008
531
1018
1024
1470
656
250
1021
845
790
967
112
726
1362
2494
1979
588
1704
2568
1145
5
6
15
18
19
22
24
25
26
27
29
30
31
32
34
35
36
48
49
52
55
56
57
58
59
62
64
66
68
70
72
73
77
78
79
81
83
85
86
93
94
95
97
98
100
101
104
105
106
109
115
117
118
121
126
130
136
139
140
141
142
144
146
148
152
153
154
155
159
160
161
162
163
168
172
173
176
177
178
179
181
187
188
190
191
192
193
195
198
199
201
202
203
206
207
208
210
212
213
214
218
219
221
222
224
226
227
230
231
233
234
237
238
239
242
245
246
247
248
249
251
252
254
256
258
259
265
267
269
272
273
274
278
279
280
283
284
286
287
288
289
290
291
292
293
294
295
296
301
303
304
305
306
308
309
310
312
315
326
327
330
331
335
337
340
342
344
346
347
349
351
353
354
355
356
357
358
359
361
362
363
364
366
367
368
371
372
373
374
377
380
381
383
384
386
389
390
392
393
396
397
400
401
402
404
405
409
411
412
413
416
419
420
423
429
433
434
436
437
440
441
443
444
445
446
448
450
451
452
454
457
459
460
461
462
463
464
467
471
473
474
476
477
478
481
483
484
485
487
489
490
491
494
496
497
498
500
503
504
506
507
510
512
515
518
520
524
525
526
528
529
530
532
540
541
543
544
548
550
551
552
557
558
560
561
562
565
570
571
577
580
581
584
587
590
593
596
597
602
604
605
607
610
612
613
617
619
621
624
629
630
631
632
633
634
636
641
642
645
646
647
649
651
653
655
658
659
662
663
664
665
668
669
671
672
674
675
677
680
682
683
684
685
687
689
691
692
693
695
696
697
700
702
704
705
706
707
709
712
716
718
721
722
728
731
734
735
740
741
744
745
748
750
753
757
760
764
766
767
770
771
772
774
775
777
779
780
782
783
784
785
788
789
792
795
797
799
800
803
804
805
807
808
810
815
817
818
819
820
821
822
825
826
828
829
830
831
833
836
839
842
843
844
849
852
853
855
857
859
860
863
864
869
873
876
878
879
880
883
884
885
886
891
892
896
897
903
905
910
914
916
917
922
923
927
928
929
930
931
935
936
937
938
944
945
947
954
958
961
963
964
965
968
970
971
972
973
976
978
979
981
982
988
989
990
991
992
993
997
999
1000
1001
1002
1005
1007
1010
1012
1019
1028
1029
1030
1031
1033
1034
1035
1037
1039
1040
1042
1043
1045
1046
1047
1048
1051
1052
1053
1056
1057
1058
1059
1060
1061
1062
1063
1065
1070
1072
1073
1075
1076
1077
1082
1083
1084
1085
1087
1091
1092
1094
1095
1096
1104
1108
1109
1112
1113
1116
1118
1119
1120
1121
1122
1124
1128
1129
1130
1131
1132
1134
1136
1140
1141
1142
1143
1148
1154
1158
1160
1161
1165
1168
1169
1170
1171
1173
1174
1180
1181
1184
1185
1186
1187
1188
1190
1192
1193
1195
1197
1203
1204
1205
1206
1207
1208
1209
1210
1213
1214
1215
1218
1222
1225
1226
1230
1232
1234
1236
1238
1242
1243
1244
1245
1247
1249
1250
1251
1253
1254
1256
1257
1258
1261
1265
1266
1267
1269
1271
1274
1276
1278
1279
1282
1284
1286
1287
1288
1291
1292
1293
1295
1296
1297
1298
1300
1303
1304
1306
1307
1308
1309
1311
1312
1313
1314
1318
1320
1322
1327
1329
1330
1331
1334
1336
1337
1339
1340
1341
1345
1349
1350
1353
1356
1357
1359
1360
1361
1363
1364
1366
1368
1371
1372
1374
1376
1377
1378
1380
1381
1383
1384
1386
1387
1388
1389
1391
1393
1394
1397
1398
1399
1401
1402
1403
1404
1405
1409
1411
1412
1414
1415
1416
1419
1421
1422
1426
1427
1428
1429
1430
1432
1433
1437
1439
1440
1441
1445
1446
1447
1450
1452
1454
1455
1458
1459
1462
1463
1464
1469
1476
1477
1480
1484
1485
1489
1490
1492
1493
1494
1496
1497
1499
1502
1503
1504
1505
1506
1509
1514
1515
1520
1525
1526
1527
1528
1529
1530
1531
1532
1533
1534
1535
1536
1541
1543
1544
1545
1546
1548
1549
1550
1553
1555
1560
1562
1564
1565
1566
1567
1568
1572
1573
1579
1582
1584
1585
1587
1588
1589
1591
1595
1599
1603
1604
1605
1606
1607
1608
1609
1611
1612
1613
1614
1615
1618
1621
1622
1624
1625
1627
1629
1630
1631
1633
1634
1635
1636
1637
1642
1643
1644
1646
1648
1649
1650
1651
1654
1657
1658
1659
1661
1662
1663
1665
1666
1667
1671
1673
1676
1678
1679
1680
1683
1684
1685
1686
1689
1692
1693
1694
1697
1698
1700
1702
1703
1705
1707
1709
1710
1715
1720
1721
1723
1725
1727
1729
1731
1733
1736
1737
1738
1739
1740
1741
1743
1744
1745
1747
1748
1752
1753
1757
1758
1761
1762
1767
1769
1772
1773
1774
1775
1780
1781
1783
1790
1793
1794
1795
1796
1797
1798
1800
1801
1805
1806
1808
1812
1813
1815
1816
1819
1820
1821
1823
1824
1827
1828
1829
1832
1834
1835
1836
1837
1839
1840
1841
1843
1844
1845
1846
1848
1851
1853
1856
1858
1859
1860
1862
1864
1867
1870
1871
1872
1873
1874
1876
1879
1881
1882
1883
1886
1887
1888
1889
1890
1892
1894
1895
1898
1905
1906
1910
1914
1915
1916
1917
1918
1919
1920
1921
1924
1927
1928
1933
1934
1938
1943
1944
1946
1947
1949
1951
1953
1954
1955
1959
1961
1968
1970
1971
1975
1977
1981
1982
1983
1984
1987
1989
1990
1991
1993
1994
1995
1996
1997
1999
2000
2001
2004
2005
2009
2010
2012
2017
2018
2019
2020
2023
2025
2026
2027
2029
2030
2032
2035
2036
2038
2040
2044
2045
2050
2051
2052
2055
2056
2061
2067
2070
2074
2077
2078
2085
2087
2088
2089
2090
2091
2094
2096
2097
2099
2100
2101
2104
2109
2112
2113
2114
2116
2119
2121
2122
2128
2129
2130
2131
2132
2137
2139
2142
2145
2146
2147
2148
2150
2152
2153
2154
2156
2158
2159
2161
2163
2164
2167
2168
2169
2170
2172
2173
2174
2175
2176
2177
2178
2183
2188
2189
2191
2192
2193
2194
2195
2198
2203
2206
2208
2210
2211
2212
2214
2217
2222
2223
2224
2226
2228
2232
2233
2238
2239
2240
2241
2242
2243
2244
2246
2250
2251
2252
2253
2254
2255
2257
2258
2262
2263
2265
2267
2268
2271
2272
2274
2275
2276
2282
2283
2285
2286
2288
2294
2300
2302
2304
2306
2307
2308
2311
2312
2316
2317
2318
2319
2320
2321
2323
2324
2326
2329
2330
2331
2332
2337
2338
2340
2341
2342
2344
2345
2346
2348
2351
2352
2353
2354
2356
2358
2359
2360
2361
2364
2366
2367
2369
2370
2371
2375
2377
2378
2379
2380
2383
2386
2388
2391
2392
2395
2396
2397
2398
2400
2402
2403
2407
2411
2413
2414
2416
2417
2418
2420
2421
2422
2423
2424
2427
2432
2433
2434
2436
2437
2441
2442
2443
2445
2448
2449
2452
2453
2456
2457
2459
2461
2466
2467
2468
2469
2470
2471
2472
2478
2481
2483
2484
2485
2487
2490
2493
2498
2499
2505
2507
2510
2516
2517
2518
2520
2521
2523
2526
2527
2528
2531
2532
2533
2536
2538
2539
2541
2542
2546
2548
2549
2550
2554
2561
2562
2565
2567
2570
2571
2574
2575
2581
2584
2586
2588
2589
2590
2591
2593
2594
2595
2596
2603
2604
2609
2611
2613
2618
2621
2622
2623
2624
2626
2628
2631
2633
2634
2636
2637
2638
2639
2642
2643
2644
2646
2652
2653
2654
2655
2656
2657
2658
2660
2663
2664
2665
2667
2669
2672
2673
2675
2678
2680
2682
2683
2685
2687
2688
2689
2692
2693
2696
2697
2702
2703
2704
2705
2706
2709
2710
2712
2716
2718
2720
2721
2726
2727
2728
2729
2732
2733
2736
2737
2743
2746
2747
2748
2750
2751
2760
2761
2765
2766
2769
2770
2771
2772
2774
2776
2777
2780
2782
2784
2786
2787
2788
2789
2790
2792
2794
2795
2799
2800
2801
2805
2806
2808
2809
2811
2815
2818
2822
2826
2827
2829
2831
2833
2834
2837
2838
2849
2850
2851
2856
2857
2860
2862
2864
2865
2870
2872
2873
2874
2877
2878
2879
2880
2881
2882
2884
2885
2888
2893
2901
2904
2905
2907
2909
2911
2916
2917
2918
2919
2924
2926
2930
2931
2933
2935
2937
2938
2940
2942
2944
2946
2948
2953
2954
2955
2958
2959
2968
2970
2973
2974
2975
2976
2978
2979
2982
2984
2986
2988
2989
2991
2994
2996
2998
